,City,Country,Date,Lat.,Lon.,Max Temp.,Wind Speed,Cloudiness,Humidity
0,kodiak,US,1615676441,57.79,-152.4072,33.8,18.41,1,29
1,albany,US,1615676184,42.6001,-73.9662,37.99,6.11,41,28
2,ribeira grande,ES,1615676442,42.7461,-8.4439,48.2,4.61,75,87
3,kungurtug,RU,1615676442,50.5994,97.5228,-0.29,15.1,100,61
4,alta floresta,NO,1615676442,69.9689,23.2717,24.01,2.3,90,93
5,mandalgovi,MN,1615676400,45.7625,106.2708,36.14,10.2,35,39
6,susanino,RU,1615676442,58.1461,41.5872,21.83,10.4,100,93
7,atuona,PF,1615676443,-9.8,-139.0333,79.3,4.94,54,61
8,tamandare,BR,1615676443,-8.7597,-35.1047,79.02,8.84,55,78
9,mekhe,SN,1615676443,15.1097,-16.6218,73.4,16.11,0,40
10,nikolskoye,RU,1615676327,59.7035,30.7861,36.0,6.71,75,87
11,ouegoa,NC,1615676443,-20.35,164.4333,81.75,13.78,90,67
12,chumikan,RU,1615676444,54.7183,135.315,30.87,16.46,100,78
13,cabo san lucas,BR,1615676444,-8.2833,-35.0333,80.6,8.05,40,65
14,vaini,TO,1615676444,-21.2,-175.2,77.0,6.91,75,88
15,grindavik,IS,1615676445,63.8424,-22.4338,24.8,13.8,40,74
16,punta arenas,PH,1615676445,8.9897,125.34,76.8,4.76,100,88
17,port elizabeth,CD,1615676445,-7.0349,29.7638,73.04,7.9,87,76
18,avarua,CK,1615676445,-21.2078,-159.775,86.0,8.05,68,70
19,mataura,NZ,1615676446,-46.1927,168.8643,70.0,14.0,1,50
20,belmonte,BR,1615676446,-15.8631,-38.8828,78.8,10.36,0,73
21,tadpatri,IN,1615676446,14.9167,78.0167,69.21,3.24,38,58
22,chegutu,ZW,1615676447,-18.1302,30.1407,61.9,6.33,65,83
23,waidhofen,DE,1615676447,48.5833,11.3333,42.01,13.8,75,87
24,yellowknife,CA,1615676378,62.456,-114.3525,0.0,5.75,90,60
25,flinders,AU,1615676447,-34.5833,150.8552,64.0,10.0,100,87
26,labrea,BR,1615676448,-7.2586,-64.7981,80.06,1.57,54,75
27,leningradskiy,RU,1615676448,69.3833,178.4167,21.87,4.63,100,82
28,hermanus,ZA,1615676448,-34.4187,19.2345,66.0,3.0,23,92
29,aqtobe,KZ,1615676448,50.2797,57.2072,-13.0,2.24,0,77
30,touros,BR,1615676449,-5.1989,-35.4608,80.6,16.11,40,74
31,chuy,UY,1615676449,-33.6971,-53.4616,63.73,7.31,9,72
32,bengkulu,ID,1615676449,-3.8004,102.2655,75.74,3.87,99,79
33,kapaa,US,1615676206,22.0752,-159.319,73.0,26.46,90,83
34,ushuaia,AR,1615676449,-54.8,-68.3,44.6,34.52,40,61
35,zhangjiakou,CN,1615676450,40.81,114.8794,39.7,5.99,94,81
36,chokurdakh,RU,1615676450,70.6333,147.9167,-18.53,4.16,0,90
37,cherskiy,RU,1615676450,68.75,161.3,-5.67,15.75,100,96
38,arraial do cabo,BR,1615676451,-22.8362,-46.646,80.6,10.36,20,57
39,geraldton,AU,1615676451,-28.7667,114.6,71.6,25.32,0,37
40,lebu,CL,1615676264,-37.6167,-73.65,58.71,8.79,0,79
41,haines junction,US,1615676451,59.2286,-135.4441,23.0,25.32,90,42
42,barrow,US,1615676451,71.2906,-156.7887,-2.2,11.5,1,65
43,kiama,AU,1615676452,-34.6833,150.8667,64.0,3.0,100,92
44,aasiaat,GL,1615676452,68.7098,-52.8699,11.98,7.31,100,93
45,lagoa,PT,1615676452,39.05,-27.9833,60.06,27.42,27,84
46,puerto colombia,ES,1615676452,36.5939,-6.233,57.2,6.91,0,72
47,thompson,CA,1615676198,55.7435,-97.8558,19.4,12.66,1,49
48,manica,FR,1615676453,49.0,-1.1667,39.2,13.8,75,87
49,rio gallegos,GR,1615676453,38.3,21.7833,57.0,3.98,20,93
50,sorsk,RU,1615676453,54.0033,90.2467,-12.66,5.59,49,87
51,tasiilaq,GL,1615676235,65.6145,-37.6368,24.8,18.41,90,80
52,hobart,AU,1615676453,-42.8794,147.3294,54.0,14.97,20,50
53,cap-aux-meules,CA,1615676454,47.3821,-61.8597,28.4,33.38,100,69
54,ostrovnoy,RU,1615676337,68.0531,39.5131,11.52,13.2,85,92
55,zonguldak,TR,1615676454,41.25,31.8333,39.34,4.18,56,74
56,port alfred,CD,1615676445,-7.0349,29.7638,73.04,7.9,87,76
57,ponta do sol,PT,1615676455,38.7333,-28.2667,56.23,24.74,57,84
58,broome,US,1615676455,42.2506,-75.833,37.99,13.8,1,30
59,puerto ayora,ES,1615676455,36.5939,-6.233,57.2,6.91,0,72
60,hobyo,SO,1615676455,5.3505,48.5268,79.43,12.15,84,83
61,bolzano,IT,1615676456,46.4927,11.3336,48.2,2.3,0,57
62,caravelas,BR,1615676290,-17.7125,-39.2481,75.81,5.68,0,81
63,mantua,IT,1615676384,45.1667,10.7833,46.99,3.0,52,78
64,jamestown,US,1615676258,42.097,-79.2353,35.6,8.48,1,32
65,morro bay,EC,1615676456,-2.6332,-80.3274,81.0,4.0,27,83
66,new norfolk,LR,1615676456,6.6518,-10.5932,77.0,2.3,75,94
67,mount gambier,GB,1615676457,53.6597,-1.8537,39.99,4.0,64,91
68,khatanga,RU,1615676457,71.9667,102.5,-20.58,12.71,66,94
69,vilhena,BR,1615676406,-12.7406,-60.1458,73.4,4.61,20,94
70,zacler,CZ,1615676458,50.6633,15.9106,37.0,35.99,83,99
71,yamada,JP,1615676370,39.4667,141.95,46.09,14.81,100,81
72,mount isa,GB,1615676458,53.6597,-1.8537,39.99,4.0,64,91
73,torbay,CA,1615676459,47.6666,-52.7314,37.0,8.05,75,64
74,tigil,RU,1615676459,57.8,158.6667,10.76,19.04,67,81
75,iqaluit,CA,1615676459,63.7506,-68.5145,-16.01,14.97,40,69
76,bethel,US,1615676346,41.3712,-73.414,42.01,1.99,1,28
77,rikitea,PF,1615676201,-23.1203,-134.9692,80.47,8.34,39,73
78,mormugao,IN,1615676460,15.4,73.8,78.8,3.44,20,94
79,longyearbyen,SJ,1615676460,78.2186,15.6401,-5.21,4.61,95,94
80,dobryanka,RU,1615676460,58.4619,56.4165,10.4,15.66,0,72
81,collie,AU,1615676460,-33.3667,116.15,53.01,1.99,0,76
82,calatayud,ES,1615676221,41.3535,-1.6432,51.8,5.75,17,62
83,harper,LR,1615676461,4.375,-7.7169,79.02,10.67,100,87
84,buala,SB,1615676461,-8.145,159.5921,84.38,5.46,94,68
85,bluff,NZ,1615676461,-46.6,168.3333,70.0,14.0,3,50
86,petrolina,BR,1615676462,-9.3986,-40.5008,84.2,7.54,0,45
87,ginir,ET,1615676462,7.1333,40.7,58.77,4.16,27,43
88,olenino,RU,1615676463,56.2092,33.4889,32.04,11.52,100,96
89,bambous virieux,MU,1615676463,-20.2567,57.4061,80.6,6.91,40,83
90,rawson,AR,1615676463,-43.3002,-65.1023,62.53,20.69,35,74
91,qaanaaq,GL,1615676464,77.484,-69.3632,-2.47,7.43,99,63
92,nome,US,1615676333,64.5011,-165.4064,8.6,23.02,1,66
93,padang,ID,1615676464,-0.9492,100.3543,75.2,3.44,90,94
94,tiznit,MA,1615676465,29.5833,-9.5,63.63,2.42,52,57
95,syamzha,RU,1615676465,60.0158,41.0614,20.8,8.66,100,93
96,tilichiki,RU,1615676465,60.4667,166.1,3.92,15.79,100,81
97,san jose,ML,1615676302,13.3034,-4.8956,75.04,8.93,42,12
98,bonthe,SL,1615676465,7.5264,-12.505,79.83,9.13,100,82
99,tuktoyaktuk,CA,1615676247,69.4541,-133.0374,-9.4,2.3,90,77
100,vardo,NO,1615676261,70.3705,31.1107,25.75,7.9,100,89
101,lucapa,AO,1615676466,-8.4192,20.7447,66.74,2.98,99,90
102,miracema do tocantins,BR,1615676466,-21.4122,-42.1967,74.08,2.86,93,93
103,provideniya,RU,1615676466,64.3833,-173.3,23.74,24.76,100,94
104,bredasdorp,ZA,1615676466,-34.5322,20.0403,64.4,3.44,11,94
105,aloleng,PH,1615676467,16.1307,119.7824,79.14,6.8,100,67
106,busselton,AU,1615676467,-33.65,115.3333,53.01,1.99,0,76
107,ugoofaaru,MV,1615676467,5.6667,73.0,82.18,12.71,95,77
108,madang,PG,1615676468,-5.2246,145.7966,79.34,4.14,98,88
109,tiksi,RU,1615676468,71.6872,128.8694,-3.69,8.16,73,92
110,hambantota,LK,1615676468,6.1241,81.1185,77.05,11.56,50,83
111,valparaiso,CL,1615676282,-33.0393,-71.6273,62.01,6.91,75,77
112,tynda,RU,1615676469,55.1667,124.7167,30.11,2.91,100,96
113,sovetskiy,RU,1615676348,61.3614,63.5842,8.2,7.9,18,92
114,mys shmidta,RU,1615676469,62.0589,48.6201,18.97,11.41,100,91
115,ankpa,NG,1615676469,7.3706,7.6253,78.49,10.87,94,75
116,hanzhong,CN,1615676469,33.0728,107.0303,54.99,1.25,97,79
117,orodara,BF,1615676470,10.9492,-4.9342,82.4,4.61,46,54
118,saint-georges,GD,1615676470,12.0564,-61.7485,78.8,13.8,40,83
119,kulhudhuffushi,MV,1615676470,6.6221,73.07,82.0,11.65,75,77
120,kalawit,PH,1615676470,8.0667,122.5167,77.45,7.54,98,88
121,antalaha,MG,1615676470,-14.9003,50.2788,74.05,7.76,80,85
122,hasaki,JP,1615676281,35.7333,140.8333,54.0,10.36,40,50
123,lompoc,US,1615676289,34.6391,-120.4579,55.4,13.8,90,67
124,makinsk,KZ,1615676471,52.6292,70.4169,-7.26,7.16,1,97
125,julio de castilhos,FR,1615676471,43.5464,2.8843,54.0,14.0,83,53
126,iralaya,HN,1615676471,15.0,-83.2333,78.66,10.98,7,77
127,faanui,PF,1615676472,-16.4833,-151.75,82.67,13.13,70,72
128,saint-leu,RE,1615676472,-21.15,55.2833,75.2,6.91,0,73
129,pakpattan,PK,1615676472,30.341,73.3866,62.2,5.1,44,32
130,cidreira,BR,1615676473,-30.1811,-50.2056,74.12,11.34,17,84
131,grand river south east,US,1615676473,38.8755,-109.5012,41.0,12.66,90,75
132,verkh-chebula,RU,1615676473,56.0308,87.6218,0.45,17.16,94,86
133,butaritari,KI,1615676473,3.0707,172.7902,80.47,12.68,77,80
134,ashnak,AM,1615676474,40.3289,43.9185,33.8,1.28,100,75
135,muros,ES,1615676475,42.7762,-9.0603,46.0,3.0,3,93
136,poso,ID,1615676475,-1.3959,120.7524,77.0,3.36,3,80
137,phan rang,TH,1615676476,19.5539,99.7405,72.0,4.61,0,100
138,serebryansk,KZ,1615676476,49.6925,83.2892,-14.8,4.47,20,84
139,youkounkoun,GN,1615676477,12.5333,-13.1333,81.54,3.47,43,14
140,airai,TL,1615676477,-8.9266,125.4092,64.06,1.14,95,90
141,baturaja,ID,1615676477,-4.1333,104.1667,72.72,1.12,100,98
142,cockburn town,AU,1615676477,-32.0833,141.0,50.0,19.57,33,76
143,sorong,ID,1615676478,-0.8833,131.25,77.38,4.23,100,85
144,san policarpo,ML,1615676284,13.3034,-4.8956,75.04,8.93,42,12
145,georgetown,MY,1615676293,5.4112,100.3354,79.0,5.68,20,88
146,porto seguro,PT,1615676325,41.1496,-8.611,51.01,1.14,40,93
147,koszeg,HU,1615676478,47.3892,16.541,45.0,1.99,100,70
148,majene,ID,1615676478,-3.5403,118.9707,78.42,3.6,15,77
149,sao joao da barra,IN,1615676479,20.5113,76.2129,74.17,2.84,12,28
150,stokmarknes,NO,1615676479,68.5646,14.9108,36.0,4.0,98,95
151,ahipara,NZ,1615676279,-35.1667,173.1667,70.86,3.27,1,51
152,gorontalo,ID,1615676437,0.5412,123.0595,76.68,2.71,50,91
153,fort nelson,NL,1615676479,52.6517,6.3861,43.0,1.99,97,82
154,castro,BR,1615676311,-24.7911,-50.0119,67.39,2.21,35,73
155,kyren,RU,1615676480,51.6828,102.1408,15.94,6.62,99,92
156,itarema,BR,1615676480,-2.9248,-39.9167,78.44,9.69,87,82
157,mar del plata,ES,1615676480,43.4002,-4.0094,55.4,10.36,75,76
158,bama,NG,1615676480,11.5221,13.6856,85.64,7.4,0,12
159,fairbanks,US,1615676403,64.8378,-147.7164,6.01,2.57,1,55
160,urumqi,CN,1615676481,43.801,87.6005,26.6,4.47,90,80
161,guerrero negro,MX,1615676481,17.6667,-100.0,86.34,0.63,17,32
162,mbanza-ngungu,CD,1615676482,-5.25,14.8667,69.69,3.94,84,96
163,dikson,RU,1615676190,73.5069,80.5464,-22.43,15.93,100,97
164,flin flon,FR,1615676482,48.4982,6.6557,39.2,8.05,75,93
165,aklavik,CA,1615676482,68.2191,-135.0107,-4.0,4.61,1,59
166,saint-augustin,CA,1615676482,51.226,-58.6502,22.89,19.44,100,75
167,adana,TR,1615676483,36.985,35.2881,50.0,5.75,0,81
168,bongandanga,CD,1615676483,1.5,21.05,71.19,1.88,100,97
169,hualmay,PE,1615676483,-11.0964,-77.6139,73.9,6.78,5,77
170,itoman,JP,1615676483,26.1247,127.6694,66.2,8.05,75,72
171,talnakh,RU,1615676484,69.4865,88.3972,-21.69,7.96,100,98
172,fortuna,US,1615676484,40.5982,-124.1573,54.0,12.66,1,71
173,navolato,MX,1615676484,24.7672,-107.6944,84.99,12.66,1,24
174,constitucion,CL,1615676485,-35.3333,-72.4167,58.87,2.08,16,85
175,gimli,CA,1615676485,50.6336,-96.9907,37.4,4.61,4,56
176,kalmunai,LK,1615676485,7.4167,81.8167,77.27,6.96,20,85
177,pisco,PE,1615676256,-13.7,-76.2167,75.2,8.05,0,78
178,narrabri,AU,1615676485,-30.3167,149.7833,75.99,14.97,75,64
179,axim,GH,1615676486,4.8699,-2.2405,80.4,9.75,100,83
180,chapleau,CA,1615676486,47.8405,-83.4034,35.6,10.36,40,69
181,esperance,AU,1615676285,-33.8667,121.9,46.4,5.75,49,87
182,pangkalanbuun,ID,1615676435,-2.6833,111.6167,73.26,2.19,43,95
183,policoro,IT,1615676486,40.2115,16.6726,53.6,4.61,0,87
184,dehloran,IR,1615676486,32.6941,47.2679,58.42,4.9,12,59
185,porto velho,PT,1615676459,41.1496,-8.611,51.01,1.14,40,93
186,husavik,IS,1615676487,66.0449,-17.3389,21.2,9.22,40,79
187,pevek,RU,1615676487,69.7008,170.3133,-3.57,7.27,100,97
188,port lincoln,CD,1615676487,-7.0349,29.7638,73.04,7.9,87,76
189,sao filipe,IN,1615676479,20.5113,76.2129,74.17,2.84,12,28
190,norman wells,US,1615676370,35.2226,-97.4395,70.0,21.85,90,73
191,northam,GB,1615676488,51.0333,-4.2167,46.0,8.01,54,81
192,catarina,GT,1615676488,14.85,-92.0833,89.6,11.5,40,48
193,mahebourg,MU,1615676203,-20.4081,57.7,80.6,6.91,40,83
194,lavrentiya,RU,1615676232,65.5833,-171.0,14.95,20.89,100,90
195,saskylakh,RU,1615676192,71.9167,114.0833,-7.44,6.42,54,98
196,talara,PE,1615676404,-4.5772,-81.2719,84.2,10.36,0,65
197,bocas del toro,CU,1615676488,21.0716,-76.2737,80.6,14.97,20,61
198,cape town,CL,1615676488,-36.413,-71.9028,82.4,10.36,0,36
199,severo-kurilsk,RU,1615676489,50.6789,156.125,31.8,13.96,34,82
200,jamkhandi,IN,1615676489,16.5167,75.3,61.39,1.34,1,30
201,upernavik,GL,1615676489,72.7868,-56.1549,-6.45,5.88,24,95
202,itaituba,BR,1615676489,-4.2761,-55.9836,77.0,5.75,40,94
203,hilo,US,1615676490,19.7297,-155.09,71.6,9.22,90,83
204,potosi,BO,1615676490,-19.5836,-65.7531,45.99,6.76,73,76
205,laguna,US,1615676490,38.421,-121.4238,66.0,11.5,1,45
206,teya,RU,1615676490,60.3778,92.6267,3.94,9.66,99,90
207,kamyshin,RU,1615676491,50.0983,45.416,21.24,11.25,98,78
208,tanout,NE,1615676491,14.9709,8.8879,79.39,12.53,18,14
209,rosetta,EG,1615676491,31.4044,30.4164,59.0,5.75,40,67
210,kahului,US,1615676268,20.8947,-156.47,73.99,17.27,90,94
211,hithadhoo,MV,1615676440,-0.6,73.0833,83.84,9.22,10,68
212,ust-maya,RU,1615676492,60.4167,134.5333,25.32,15.43,100,88
213,rantepao,ID,1615676492,-2.9701,119.8978,67.96,1.79,18,90
214,porto walter,PT,1615676325,41.1496,-8.611,51.01,1.14,40,93
215,pringsewu,ID,1615676492,-5.3582,104.9744,71.49,0.56,100,96
216,tamiahua,MX,1615676492,21.2667,-97.45,76.24,12.26,4,82
217,nexo,DK,1615676493,55.0607,15.1306,39.2,16.11,90,100
218,angoche,MZ,1615676493,-16.2325,39.9086,77.16,3.4,16,87
219,hanko,FI,1615676493,59.8333,22.95,34.0,1.01,100,85
220,eastbourne,GB,1615676493,50.7687,0.2845,42.01,7.0,43,84
221,bagamoyo,TZ,1615676494,-6.4333,38.9,75.43,2.1,54,83
222,vostok,RU,1615676451,46.4856,135.8833,27.41,1.61,53,75
223,baker city,US,1615676494,30.5882,-91.1682,80.6,6.91,20,44
224,susuman,RU,1615676494,62.7833,148.1667,-21.21,1.25,0,85
225,vrsac,RS,1615676495,45.1167,21.3036,51.8,20.71,0,58
226,finschhafen,PG,1615676495,-6.6024,147.8681,83.5,7.49,100,76
227,kijang,KR,1615676495,35.2442,129.2139,41.0,3.44,20,93
228,sabya,SA,1615676496,17.1495,42.6254,82.4,3.44,4,65
229,monchegorsk,RU,1615676496,67.9397,32.8739,17.01,5.84,93,94
230,nantucket,US,1615676197,41.2835,-70.0995,41.0,16.11,1,60
231,bereda,ES,1615676497,43.2686,-7.5406,46.0,5.99,80,97
232,bousso,TD,1615676497,10.4795,16.7117,88.68,3.67,19,26
233,hami,CN,1615676497,42.8,93.45,48.13,4.88,1,35
234,tomatlan,MX,1615676497,19.9333,-105.25,96.37,16.11,0,19
235,college,US,1615676248,64.8569,-147.8028,6.01,2.55,1,55
236,tulagi,SB,1615676498,-9.0996,160.1476,78.39,5.1,100,79
237,ilulissat,GL,1615676369,69.2167,-51.1,10.4,17.27,100,67
238,mercedes,AR,1615676498,-34.6515,-59.4307,78.01,9.73,0,46
239,jasper,US,1615676498,37.2001,-94.3502,64.4,9.22,90,77
240,west wendover,US,1615676499,31.8024,-97.0917,77.0,16.11,75,50
241,sibundoy,CO,1615676499,1.2048,-76.9237,59.67,2.24,99,96
242,taoudenni,ML,1615676499,22.6783,-3.9836,71.04,10.49,91,42
243,port hawkesbury,CD,1615676487,-7.0349,29.7638,73.04,7.9,87,76
244,soyo,AO,1615676499,-6.1349,12.3689,80.44,6.98,55,84
245,kavieng,PG,1615676499,-2.5744,150.7967,83.82,3.44,7,62
246,tarakan,ID,1615676500,3.3,117.6333,77.43,5.28,26,87
247,agde,FR,1615676500,43.3108,3.4758,54.0,14.97,0,58
248,maldonado,UY,1615676500,-34.6667,-54.9167,68.0,4.61,0,73
249,tokur,RU,1615676501,53.1333,132.9,21.65,5.48,82,91
250,cayenne,GF,1615676406,4.9333,-52.3333,80.01,9.84,75,94
251,kosice,SK,1615676501,48.6667,21.3333,45.0,11.5,0,76
252,pauini,BR,1615676501,-7.7136,-66.9764,80.71,1.39,79,70
253,kenora,CA,1615676501,49.8167,-94.4337,44.6,12.66,40,29
254,ekhabi,RU,1615676502,53.5102,142.9671,24.35,9.35,62,92
255,port hedland,CD,1615676502,-7.0349,29.7638,73.04,7.9,87,76
256,verkhnyaya inta,RU,1615676502,60.9844,40.2072,23.97,9.51,99,93
257,dalton,US,1615676503,34.7698,-84.9702,66.0,5.35,97,76
258,coihaique,CL,1615676503,-45.5752,-72.0662,71.6,6.91,0,37
259,janakpur road,NP,1615676503,26.7183,85.9065,64.4,4.97,18,46
260,lyngseidet,NO,1615676504,69.5763,20.2189,35.6,10.36,75,80
261,gurupa,BR,1615676504,-1.405,-51.64,74.77,3.38,99,95
262,liverpool,GB,1615676214,53.4106,-2.9779,46.4,18.41,90,87
263,east london,IS,1615676504,65.0,-15.0,28.4,13.8,75,74
264,anekal,IN,1615676505,12.7,77.7,64.4,2.3,0,68
265,sur,OM,1615676505,22.5667,59.5289,78.66,15.03,0,35
266,tuatapere,NZ,1615676505,-46.1333,167.6833,70.0,14.0,13,50
267,samarai,PG,1615676219,-10.6167,150.6667,80.01,14.9,100,85
268,kruisfontein,ZA,1615676505,-34.0033,24.7314,68.0,1.99,84,78
269,hokitika,NZ,1615676506,-42.7167,170.9667,63.19,5.3,0,66
270,banda aceh,IN,1615676506,25.4833,80.3333,69.26,2.1,0,42
271,ushibuka,JP,1615676506,32.1906,130.0228,53.6,8.48,9,68
272,meadow lake,US,1615676507,45.5291,-102.2163,57.99,13.15,2,31
273,portland,US,1615676415,45.5234,-122.6762,63.0,5.75,75,44
274,deputatskiy,RU,1615676507,69.3,139.9,-22.9,2.35,0,76
275,jiuquan,CN,1615676507,39.7432,98.5174,45.41,5.57,0,23
276,kysyl-syr,RU,1615676508,63.8986,122.7617,7.39,9.48,100,93
277,bauchi,NG,1615676508,10.5,10.0,80.98,6.89,46,15
278,kisangani,CD,1615676509,0.5167,25.2,70.68,4.63,57,97
279,forrest city,US,1615676509,31.3143,-89.2942,78.8,8.05,40,44
280,dingle,PH,1615676509,10.9995,122.6711,76.42,4.29,99,91
281,tamazunchale,MX,1615676509,21.2667,-98.7833,84.13,7.36,11,55
282,santa maria,PH,1615676510,17.486,120.4348,76.98,5.82,94,65
283,olga,RU,1615676510,43.7444,135.2892,36.09,4.29,100,54
284,narsaq,GL,1615676510,60.9167,-46.05,24.8,1.14,75,58
285,saint-philippe,RE,1615676511,-21.3585,55.7679,75.2,6.91,0,73
286,igrim,RU,1615676511,63.1906,64.4162,12.81,10.33,9,88
287,mosquera,CO,1615676511,4.7059,-74.2302,57.2,11.5,40,88
288,newport,GB,1615676511,51.5877,-2.9984,46.0,1.99,41,75
289,ponta delgada,PT,1615676455,38.7333,-28.2667,56.23,24.74,57,84
290,nemuro,JP,1615676512,43.3236,145.575,32.68,20.83,100,92
291,high level,US,1615676512,33.6123,-95.7472,77.0,17.27,40,53
292,tura,IN,1615676359,25.5198,90.2201,69.04,1.39,37,43
293,bestobe,KZ,1615676512,52.4994,73.0975,-7.73,9.98,0,92
294,avera,US,1615676513,33.194,-82.5271,77.0,3.44,1,50
295,sinnamary,GF,1615676513,5.3833,-52.95,77.23,9.98,85,87
296,palasa,IN,1615676513,18.7667,84.4167,69.58,1.88,0,54
297,port-gentil,GA,1615676514,-0.7193,8.7815,78.8,3.44,20,94
298,ikalamavony,MG,1615676514,-21.15,46.5833,63.09,6.62,25,89
299,fiumicino,IT,1615676303,41.7675,12.2291,55.4,5.75,40,76
300,marawi,PH,1615676514,7.9986,124.2928,73.0,5.01,100,93
301,saldanha,ZA,1615676515,-33.0117,17.9442,68.0,3.44,99,83
302,batagay-alyta,RU,1615676515,67.8006,130.4114,-13.49,1.72,86,85
303,uyar,RU,1615676515,55.81,94.3153,3.07,18.52,100,84
304,zhigansk,RU,1615676439,66.7697,123.3711,5.94,11.92,100,95
305,prainha,BR,1615676516,-1.8,-53.48,75.0,1.41,87,91
306,kaitangata,NZ,1615676516,-46.2817,169.8464,66.0,4.0,1,59
307,sivaki,RU,1615676516,52.6333,126.75,25.0,7.2,59,90
308,sherpur,BD,1615676497,25.0188,90.0175,65.79,3.8,25,59
309,buzmeyin,TM,1615676517,38.0507,58.2056,21.2,0.58,90,93
310,sangar,RU,1615676517,63.9242,127.4739,4.96,5.7,100,95
311,carnarvon,AU,1615676518,-24.8667,113.6333,80.6,9.22,2,74
312,biltine,TD,1615676518,14.5333,20.9167,84.76,18.28,16,13
313,kudahuvadhoo,MV,1615676518,2.6708,72.8944,82.92,10.31,23,73
314,viloco,BO,1615676518,-16.95,-67.55,45.57,5.91,50,80
315,pochutla,MX,1615676518,15.7432,-96.4661,87.8,11.5,75,45
316,marienburg,PL,1615676519,54.0359,19.0266,41.0,7.0,100,87
317,roald,NO,1615676519,62.5833,6.1333,37.4,5.75,67,70
318,souillac,MU,1615676519,-20.5167,57.5167,80.6,6.91,40,83
319,hayden,US,1615676520,47.766,-116.7866,57.99,2.06,1,33
320,san patricio,ML,1615676402,13.3034,-4.8956,75.04,8.93,42,12
321,sampang,ID,1615676520,-7.1872,113.2394,73.4,3.44,20,100
322,mahibadhoo,MV,1615676520,3.7833,72.9667,82.63,13.51,55,78
323,kiunga,PG,1615676521,-6.1219,141.2906,74.68,0.47,100,98
324,katsuura,JP,1615676521,35.1333,140.3,57.0,18.07,55,95
325,naze,JP,1615676522,28.3667,129.4833,62.6,6.91,75,67
326,acapulco,MX,1615676303,16.8634,-99.8901,84.2,9.22,1,74
327,salalah,OM,1615676367,17.0151,54.0924,73.4,3.44,0,78
328,werda,BW,1615676522,-25.2667,23.2833,73.51,8.77,19,45
329,horizontina,BR,1615676522,-27.6258,-54.3078,75.0,4.41,31,71
330,lelystad,NL,1615676523,52.5083,5.475,44.01,15.99,100,76
331,taltal,CL,1615676462,-25.4,-70.4833,66.99,5.37,25,87
332,kars,TR,1615676375,40.602,43.095,21.2,5.75,75,73
333,kavaratti,IN,1615676523,10.5669,72.642,82.45,7.09,38,70
334,lac du bonnet,AL,1615676524,41.6356,19.7131,44.6,3.44,20,93
335,progreso,MX,1615676287,21.2833,-89.6667,91.0,8.05,40,35
336,seryshevo,RU,1615676524,51.0933,128.3786,26.35,13.62,18,84
337,lorengau,PG,1615676477,-2.0226,147.2712,84.58,2.55,12,64
338,beitbridge,ZW,1615676525,-22.2167,30.0,72.55,7.67,12,72
339,shanhetun,CN,1615676525,44.7,127.2,32.14,6.67,0,71
340,victoria,HK,1615676259,22.2855,114.1577,69.01,12.84,55,83
341,aitape,PG,1615676525,-3.1374,142.3475,80.67,4.23,100,86
342,karlskrona,SE,1615676526,56.1616,15.5866,37.4,1.14,90,100
343,belle fourche,US,1615676526,38.2859,-91.7204,57.2,9.22,90,62
344,okha,RU,1615676526,53.5739,142.9478,23.83,9.35,58,92
345,yumen,CN,1615676526,40.2833,97.2,44.92,7.72,0,20
346,komsomolskiy,UZ,1615676527,40.4272,71.7189,42.8,18.41,90,75
347,srednekolymsk,RU,1615676527,67.45,153.6833,-17.7,4.25,75,96
348,oron,NG,1615676527,4.8256,8.2343,80.4,4.65,59,81
349,namibe,AO,1615676527,-15.1961,12.1522,75.72,5.39,51,78
350,yulara,AU,1615676528,-25.2406,130.9889,64.4,12.66,90,63
351,wukari,NG,1615676528,7.85,9.7833,79.43,11.99,100,75
352,agadez,NE,1615676528,19.75,10.25,75.88,11.83,54,18
353,arica,CL,1615676372,-18.475,-70.3042,73.4,8.05,0,68
354,bejar,ES,1615676528,40.3864,-5.7634,39.0,4.61,0,87
355,peterhead,GB,1615676529,57.5058,-1.7981,42.01,9.22,94,75
356,nha trang,NP,1615676529,27.9145,86.719,17.13,8.32,73,74
357,pedernales,DO,1615676529,18.0384,-71.744,77.07,2.71,14,73
358,dong hoi,CM,1615676530,4.895,12.0057,68.27,3.58,100,94
359,port shepstone,CD,1615676530,-7.0349,29.7638,73.04,7.9,87,76
360,kununurra,AU,1615676391,-15.7667,128.7333,80.6,4.61,40,100
361,solnechnyy,RU,1615676530,50.7214,136.6319,26.71,7.9,76,89
362,puerto escondido,ES,1615676530,36.5939,-6.233,57.2,6.91,0,72
363,poum,NC,1615676531,-20.2333,164.0167,80.6,14.25,95,71
364,okhotsk,RU,1615676531,59.3833,143.3,-1.73,7.99,48,65
365,hirara,JP,1615676531,24.8,125.2833,66.2,4.61,75,77
366,waingapu,ID,1615676532,-9.6567,120.2641,79.39,2.19,61,84
367,ulaangom,MN,1615676532,49.9811,92.0667,-0.89,6.44,4,52
368,saint-francois,FR,1615676532,46.4154,3.9054,42.8,13.8,90,81
369,honiara,SB,1615676532,-9.4333,159.95,79.32,0.63,100,81
370,joniskelis,LT,1615676532,56.0253,24.1689,37.4,17.27,90,93
371,lazo,RU,1615676410,43.3817,133.9014,33.58,5.21,100,66
372,xining,CN,1615676533,36.6167,101.7667,42.87,0.87,99,28
373,kalianget,ID,1615676533,-7.05,113.9333,78.94,1.68,84,80
374,olden,NO,1615676533,61.8364,6.8064,33.01,1.01,78,79
375,nhulunbuy,AU,1615676533,-12.2333,136.7667,82.4,4.47,41,78
376,dolinsk,RU,1615676534,47.35,142.8,26.6,4.47,100,86
377,abrau-dyurso,RU,1615676534,44.69,37.59,39.2,6.71,100,70
378,benguela,AO,1615676534,-12.5763,13.4055,78.03,14.14,100,88
379,karratha,AU,1615676534,-20.7377,116.8463,82.35,15.68,26,64
380,bilma,NE,1615676535,18.6853,12.9164,77.86,4.94,4,12
381,atar,MR,1615676535,20.5169,-13.0499,68.92,8.39,0,11
382,sitka,US,1615676535,57.0531,-135.33,33.8,13.8,20,55
383,abha,SA,1615676432,18.2164,42.5053,66.2,4.09,6,48
384,lazaro cardenas,DO,1615676536,19.4558,-71.3261,75.99,1.99,35,77
385,hofn,IS,1615676536,64.2539,-15.2082,34.29,15.01,98,55
386,cape elizabeth,CL,1615676536,-36.413,-71.9028,82.4,10.36,0,36
387,beringovskiy,RU,1615676432,63.05,179.3167,22.46,5.53,34,89
388,abbeville,FR,1615676537,50.1,1.8333,42.01,13.22,93,84
389,tinos,GR,1615676537,37.5375,25.1634,55.4,3.44,100,82
390,mawlaik,MM,1615676537,23.6333,94.4167,65.68,0.63,0,49
391,arkhara,RU,1615676538,49.4212,130.0842,26.22,8.61,67,81
392,wanning,CN,1615676538,18.8003,110.3967,70.74,5.23,29,93
393,dunedin,NZ,1615676539,-45.8742,170.5036,64.99,5.01,0,65
394,hastings,GB,1615676529,50.8552,0.5729,39.99,1.99,55,71
395,scarborough,GB,1615676382,54.2797,-0.4044,37.99,1.01,23,85
396,hay river,GB,1615676539,52.0705,-3.1274,43.0,8.99,56,78
397,gazojak,TM,1615676539,41.1875,61.4036,18.41,10.13,95,71
398,sarangani,PH,1615676540,5.4033,125.4636,82.26,6.91,1,72
399,tual,ID,1615676444,-5.6667,132.75,82.62,9.75,100,73
400,lahij,YE,1615676540,13.1667,44.5833,71.38,5.64,0,66
401,tevaitoa,PF,1615676540,-16.7833,-151.5,82.98,13.4,63,74
402,clyde river,US,1615676434,41.3042,-82.9752,48.2,10.36,1,34
403,waiouru,NZ,1615676541,-39.4833,175.6667,67.37,2.01,0,37
404,corralillo,CU,1615676541,22.9819,-80.5856,73.08,14.61,0,69
405,kaeo,NZ,1615676450,-35.1,173.7833,71.01,5.01,4,67
406,jalu,LY,1615676361,29.0331,21.5482,61.18,9.06,74,37
407,kenai,US,1615676541,60.5544,-151.2583,24.8,4.27,1,45
408,khandbari,NP,1615676542,27.3747,87.2039,59.0,1.83,83,53
409,camacha,PT,1615676542,33.0833,-16.3333,60.8,12.66,75,67
410,iskateley,RU,1615676542,67.6803,53.1512,5.49,8.84,95,96
411,zvishavane,ZW,1615676543,-20.3267,30.0665,62.13,3.69,0,89
412,moskovskiy,RU,1615676543,55.5991,37.355,28.99,8.95,90,86
413,hornepayne,CA,1615676543,49.2138,-84.7705,30.81,10.33,91,84
414,yaan,NG,1615676544,7.3833,8.5667,84.54,11.25,86,59
415,zagreb,HR,1615676522,45.8131,15.9775,50.0,2.3,0,76
416,sokolo,ML,1615676544,14.7328,-6.1219,71.15,8.77,26,17
417,areia branca,BR,1615676544,-6.9633,-35.6917,77.0,17.27,40,73
418,vangaindrano,MG,1615676545,-23.35,47.6,73.44,6.58,24,91
419,isangel,VU,1615676545,-19.55,169.2667,82.4,11.5,75,74
420,verkhnevilyuysk,RU,1615676546,63.4453,120.3167,4.33,8.16,82,92
421,sawakin,SD,1615676546,19.1059,37.3321,74.39,7.0,0,76
422,okakarara,NA,1615676546,-20.5833,17.4333,64.67,2.37,12,79
423,taganak,PH,1615676546,6.0833,118.3,75.2,11.43,20,100
424,codrington,AU,1615676547,-38.2667,141.9667,57.65,11.18,42,53
425,nalut,LY,1615676547,30.3333,10.85,59.34,20.98,82,46
426,kaohsiung,TW,1615676253,22.6163,120.3133,68.0,2.3,75,77
427,erenhot,CN,1615676548,43.6475,111.9767,41.22,10.56,100,59
428,tortona,IT,1615676548,44.8978,8.8637,51.01,1.99,58,80
429,berlevag,NO,1615676548,70.8578,29.0864,24.08,8.12,99,84
430,zafarabad,IN,1615676548,25.7,82.7333,67.71,5.79,0,45
431,nouadhibou,MR,1615676549,20.931,-17.0347,69.8,17.27,0,40
432,marzuq,YE,1615676549,14.4,46.4667,60.21,5.59,19,38
433,mabaruma,GY,1615676396,8.2,-59.7833,70.47,1.03,100,97
434,maumere,ID,1615676549,-8.6199,122.2111,79.75,1.21,33,81
435,alugan,PH,1615676509,12.2188,125.4808,75.99,4.12,98,92
436,atasu,KZ,1615676549,48.6814,71.6433,-2.76,11.56,100,84
437,zvenyhorodka,UA,1615676550,49.0787,30.9675,31.89,9.15,94,95
438,mehamn,NO,1615676550,71.0357,27.8492,22.93,6.85,100,87
439,krasnoye,UA,1615676550,49.9145,24.6134,44.01,6.71,0,70
440,talcahuano,CL,1615676550,-36.7167,-73.1167,59.0,8.05,75,82
441,tucurui,BR,1615676551,-3.7661,-49.6725,75.24,2.59,50,94
442,gwadar,PK,1615676551,25.1216,62.3254,71.96,6.13,0,88
443,manokwari,ID,1615676551,-0.8667,134.0833,78.31,3.29,98,75
444,khonsa,IN,1615676551,27.0167,95.5667,62.33,2.77,42,59
445,fukuma,JP,1615676552,33.7667,130.4667,44.6,3.44,0,93
446,chiapa,MX,1615676552,18.4669,-96.945,72.16,5.41,0,46
447,bowen,AU,1615676552,-20.0167,148.2333,78.8,1.14,46,83
448,galle,LK,1615676552,6.0367,80.217,75.63,5.1,93,88
449,bud,US,1615676553,39.447,-86.1758,51.01,3.18,94,37
450,boguchany,RU,1615676553,58.3814,97.4531,7.34,10.67,80,89
451,codajas,BR,1615676553,-3.8367,-62.0569,77.16,2.26,26,84
452,vao,NC,1615676553,-22.6667,167.4833,76.66,20.13,87,77
453,llandrindod wells,GB,1615676554,52.2405,-3.3794,42.01,11.99,74,93
454,luganville,VU,1615676554,-15.5333,167.1667,83.5,6.26,96,73
455,meulaboh,ID,1615676554,4.1363,96.1285,76.32,2.17,99,81
456,praia da vitoria,CV,1615676555,14.9215,-23.5087,69.8,14.97,0,78
457,nikitinskiy,RU,1615676555,54.5845,86.0115,-5.66,11.83,46,90
458,tautira,PF,1615676340,-17.7333,-149.15,86.0,9.22,20,70
459,viet tri,SE,1615676555,56.1933,15.6929,37.4,2.3,90,100
460,ustye,RU,1615676556,59.6304,39.736,20.43,8.41,99,94
461,ilo,PE,1615676556,-17.6394,-71.3375,73.09,5.35,0,82
462,nago,JP,1615676436,26.5881,127.9761,66.2,5.75,75,88
463,sioux lookout,US,1615676556,42.7333,-96.2336,55.99,8.05,1,41
464,porto novo,PT,1615676471,41.1496,-8.611,51.01,1.14,40,93
465,ust-koksa,RU,1615676557,50.2696,85.6108,-9.4,1.23,2,75
466,sembe,CG,1615676557,1.6481,14.5806,73.22,3.04,39,89
467,palmer,US,1615676557,42.1584,-72.3287,41.0,12.66,20,26
468,minab,IR,1615676557,27.1467,57.0801,71.6,4.61,0,78
469,swan river,PH,1615676558,18.2242,121.3791,71.49,0.43,91,95
470,palana,RU,1615676558,59.1167,159.9667,1.98,20.24,100,91
471,lieksa,FI,1615676350,63.3167,30.0167,30.47,8.16,100,97
472,tubuala,PA,1615676558,9.5167,-79.0333,86.0,17.27,20,51
473,kingori,TZ,1615676416,-3.2833,36.9833,64.65,2.66,97,91
474,illintsi,UA,1615676559,49.1048,29.2177,33.85,10.18,100,96
475,weligama,LK,1615676559,5.9667,80.4167,74.86,7.65,91,89
476,chadan,RU,1615676559,51.2833,91.5833,-10.46,1.86,0,64
477,udachnyy,RU,1615676560,66.4167,112.4,1.35,12.84,89,87
478,aykhal,RU,1615676458,66.0,111.5,-0.47,16.53,100,94
479,praya,CV,1615676555,14.9215,-23.5087,69.8,14.97,0,78
480,pasighat,IN,1615676560,28.0667,95.3333,68.02,4.0,96,77
481,san vicente,ML,1615676302,13.3034,-4.8956,75.04,8.93,42,12
482,altay,CN,1615676560,47.8667,88.1167,12.63,1.48,100,62
483,pyapon,MM,1615676560,16.2833,95.6833,77.63,3.65,62,62
484,tornio,FI,1615676561,65.8481,24.1466,21.2,2.3,90,93
485,baykalsk,RU,1615676561,51.5058,104.1469,15.82,9.78,100,94
486,marinette,US,1615676561,45.1,-87.6307,59.0,12.66,1,29
487,porto santo,PT,1615676471,41.1496,-8.611,51.01,1.14,40,93
488,misratah,LY,1615676561,32.3754,15.0925,59.86,8.1,100,68
489,platanos,GR,1615676562,37.6667,21.6167,50.0,3.89,20,87
490,chara,RU,1615676562,56.9064,118.2631,18.12,3.18,100,96
491,beloha,MG,1615676562,-25.1667,45.05,73.69,16.24,16,75
492,vanavara,RU,1615676562,60.34,102.2797,1.13,11.1,65,93
493,cairns,AU,1615676434,-16.9167,145.7667,80.6,8.05,54,69
494,delta del tigre,NG,1615676409,5.5,6.0,77.9,3.58,100,90
495,kaniama,CD,1615676563,-7.5667,24.1833,65.89,3.91,100,93
496,batagay,RU,1615676563,67.6333,134.6333,-15.2,3.18,49,83
497,yuli,NG,1615676563,9.6989,10.2744,80.69,10.92,66,64
498,tessalit,ML,1615676564,20.1986,1.0114,66.09,7.18,9,38
499,pervomayskoye,RU,1615676564,43.919,46.7102,28.56,9.86,45,89
500,ust-ilimsk,RU,1615676284,58.0006,102.6619,3.94,10.4,100,92
501,wichita falls,US,1615676268,37.6922,-97.3375,64.4,19.57,90,77
502,polyarnyy,RU,1615676564,69.1989,33.4478,23.0,4.47,75,80
503,buloh kasap,ID,1615676565,5.2548,96.1429,76.86,4.05,48,75
504,geghamasar,AM,1615676565,40.3109,45.6792,16.65,1.36,99,63
505,san quintin,ML,1615676402,13.3034,-4.8956,75.04,8.93,42,12
506,saqqez,IR,1615676565,36.2499,46.2735,33.44,1.28,4,62
507,tabuk,PH,1615676566,17.4189,121.4443,70.54,5.68,80,89
508,yeppoon,AU,1615676566,-23.1333,150.7333,82.4,5.75,29,65
509,cervo,ES,1615676566,43.6702,-7.4101,53.01,4.0,84,88
510,tselinnoye,RU,1615676567,53.0833,85.6667,-11.04,7.94,58,98
511,murray bridge,US,1615676291,40.6669,-111.888,41.0,14.97,90,93
512,lazurne,UA,1615676567,46.084,32.5295,42.24,7.67,100,87
513,mitsamiouli,KM,1615676568,-11.3847,43.2844,81.9,3.18,98,72
514,ixtapa,MX,1615676568,20.7,-105.2,78.8,11.5,1,65
515,calama,CL,1615676412,-22.4667,-68.9333,69.8,24.16,40,43
516,svetlyy,RU,1615676568,54.675,20.1347,41.0,15.66,75,87
517,collingwood,CA,1615676568,44.4834,-80.2164,41.0,6.91,4,38
518,oranjemund,NA,1615676569,-28.55,16.4333,65.93,5.48,2,84
519,muncar,ID,1615676569,-8.4333,114.3333,74.8,2.59,82,88
520,diffa,NE,1615676569,13.3154,12.6113,84.49,6.4,20,9
521,salekhard,RU,1615676569,66.53,66.6019,10.24,11.54,100,87
522,boa vista,CM,1615676570,4.4296,8.9742,78.91,1.36,91,84
523,sorland,NO,1615676546,67.667,12.6934,41.99,14.16,97,84
524,rockport,US,1615676491,28.0206,-97.0544,75.2,17.27,90,83
525,jaru,BR,1615676570,-10.4389,-62.4664,76.28,1.03,70,89
526,half moon bay,LR,1615676570,6.3807,-10.6953,77.0,5.55,75,94
527,jagdalpur,IN,1615676570,19.0667,82.0333,64.54,0.96,2,45
528,nanortalik,GL,1615676571,60.1432,-45.2371,26.64,3.89,100,81
529,kutum,SD,1615676525,14.2,24.6667,66.81,6.91,65,18
530,lashio,MM,1615676571,22.9333,97.75,56.66,1.66,0,50
531,saposoa,PE,1615676571,-6.934,-76.7716,86.0,4.61,75,66
532,mayo,US,1615676572,38.8876,-76.5119,48.99,5.75,1,34
533,ganzhou,CN,1615676572,28.8184,115.4327,53.24,1.03,0,90
534,calvinia,ZA,1615676573,-31.4707,19.776,65.08,1.54,0,38
535,yokadouma,CM,1615676574,3.5167,15.05,71.24,1.77,85,89
536,enderby,GB,1615676574,52.5878,-1.2062,42.01,15.61,79,89
537,kawalu,ID,1615676574,-7.3817,108.2082,71.53,1.74,100,92
538,havoysund,NO,1615676574,70.9963,24.6622,26.6,5.75,90,86
539,danielskuil,ZA,1615676575,-28.1887,23.5395,67.35,6.62,32,56
540,fort saint john,NL,1615676575,52.6517,6.3861,43.0,1.99,97,82
541,yerbogachen,RU,1615676575,61.2767,108.0108,-2.06,7.7,36,96
542,mbaiki,CF,1615676575,3.8678,17.9892,70.92,2.8,89,88
543,lovozero,RU,1615676576,68.005,35.0117,12.67,3.0,79,88
544,wajima,JP,1615676400,37.4,136.9,45.09,15.66,73,64
545,alofi,NU,1615676576,-19.0595,-169.9187,84.2,4.61,41,74
546,villacarrillo,ES,1615676576,38.1156,-3.0848,46.72,3.0,32,72
547,arlit,NE,1615676576,18.7369,7.3853,73.8,7.7,71,12
548,lethem,GY,1615676576,3.3803,-59.7968,82.08,0.69,35,62
549,huarmey,PE,1615676577,-10.0681,-78.1522,74.61,8.12,2,76
550,ayagoz,KZ,1615676577,47.9714,80.4392,-3.41,18.72,100,85
551,newark,US,1615676308,40.7357,-74.1724,48.99,16.11,20,20
552,coahuayana,MX,1615676577,18.7333,-103.6833,86.0,11.5,1,39
553,vaitape,PF,1615676577,-16.5167,-151.75,82.63,13.2,70,72
554,nurota,UZ,1615676578,40.5614,65.6886,17.6,20.71,90,86
555,honningsvag,NO,1615676578,70.9821,25.9704,26.83,8.23,100,77
556,cosala,MX,1615676578,24.4125,-106.6908,75.0,8.01,42,63
557,conde,BR,1615676578,-7.2597,-34.9075,80.6,9.22,20,78
558,altona,DE,1615676579,53.55,9.9333,39.2,21.85,90,93
559,jardim,BR,1615676528,-21.4803,-56.1381,80.65,3.27,27,57
560,linxia,CN,1615676506,35.6003,103.2064,44.78,2.66,100,36
561,morondava,MG,1615676579,-20.2833,44.2833,77.54,8.28,0,66
562,lisakovsk,KZ,1615676579,52.5369,62.4936,1.36,4.36,0,83
563,brae,GB,1615676579,60.3964,-1.353,42.8,25.32,75,87
564,alpena,US,1615676580,45.0617,-83.4327,51.8,10.36,1,37
565,yuma,US,1615676553,32.7253,-114.6244,70.0,9.22,75,21
566,noyabrsk,RU,1615676580,63.1994,75.4507,8.28,13.0,95,94
567,bunia,CD,1615676580,1.5667,30.25,71.8,1.7,54,32
568,sungairaya,ID,1615676581,0.7,108.9,76.05,4.81,68,90
569,banjar,ID,1615676581,-8.19,114.9675,75.2,3.44,75,94
570,nuuk,GL,1615676581,64.1835,-51.7216,15.8,17.27,60,67
571,svetlogorsk,BY,1615676582,52.6333,29.7333,33.53,10.51,96,95
572,tarko-sale,RU,1615676582,64.9225,77.785,-5.62,11.7,88,96
573,pryyutivka,UA,1615676583,48.7209,33.0708,32.54,7.02,31,95
574,tabou,CI,1615676583,4.423,-7.3528,78.91,9.4,100,86
575,westport,US,1615676574,41.1415,-73.3579,46.0,11.5,1,26
576,litoral del san juan,BR,1615676583,-30.0089,-50.1595,73.74,10.38,1,85
577,sanok,PL,1615676377,49.5557,22.2056,46.99,28.99,99,100
578,kumluca,TR,1615676583,36.3703,30.2869,55.04,3.96,79,82
579,wuning,CN,1615676583,29.2589,120.2311,55.0,2.68,31,58
580,seymchan,RU,1615676584,62.8833,152.4333,-8.91,2.68,12,83
